mypy=1.8.0
types-requests=2.31.0.20240218
types-protobuf=4.24.0.20240302
types-PyYAML=6.0.12.12
pandas-stubs=2.2.0.240218
types-Markdown=3.5.0.20240129
types-Pillow=10.2.0.20240213
types-Pygments=2.17.0.20240106
types-bleach=6.1.0.20240222
types-colorama=0.4.15.20240205
types-croniter=2.0.0.20240106
types-decorator=5.1.8.20240106
types-docutils=0.20.0.20240303
types-google-cloud-ndb=2.2.0.20240205
types-html5lib=1.1.11.20240228
types-jsonschema=4.21.0.20240118
types-psutil=5.9.5.20240205
types-python-dateutil=2.8.19.20240106
types-pytz=2024.1.0.20240203
types-setuptools=69.1.0.20240302
types-six=1.16.21.20240301
types-tabulate=0.9.0.20240106
types-tqdm=4.66.0.20240106
types-ujson=5.9.0.0